151.0874400538
124.2916935472
124.6931890294
124.5818282399
124.2941750860
124.2146506029
123.9973884968
124.2383808063
123.7716310312
123.8029345336
123.8060914564
123.8021901605
123.8049983677
123.8040937688
123.8040936189
123.8040936189
123.8040936188
123.8040936191
123.8040936187
123.8040936186
123.8040936190
123.8040936188
123.8040936188
123.8040936191
123.8040936188
123.8040936186
123.8040936190
123.8040936190
123.8040936186
123.8040936190
123.8040936188
123.8040936188
123.8040936188
123.8040936189
123.8040936191
123.8040936187
123.8040936188
123.8040936188
123.8040936189
123.8040936190
123.8040936186
123.8040936188
123.8040936187
123.8040936188
123.8040936190
123.8040936189
123.8040936188
123.8040936188
123.8040936189
123.8040936188
123.8040936191
