151.0874400538
136.3603189317
132.4303137093
130.6301514027
129.7447825231
129.3310442115
129.0157275042
128.8550496550
128.8116593718
128.8018908396
128.7636903730
128.7155747385
128.7015875785
128.7002889723
128.7017153738
128.7012590232
128.7017692649
128.7009374154
128.7015568963
128.7006719515
128.7013727274
128.7011193928
128.7009586593
128.6999962437
128.7003196686
128.6993838094
128.7001986010
128.6878532579
128.6878533548
128.6880337702
128.6880337445
128.6880337465
128.6880339074
128.6880339209
128.6880338929
128.6880339172
128.6880339015
128.6880316436
128.6880320583
128.6863402357
128.6853818015
128.6853816882
128.6853817140
128.6853817105
128.6853817180
128.6853818088
128.6853817044
128.6853818903
128.6853815937
128.6853817293
128.6853817151
