331.5139576534
110.7327453988
104.5057343842
104.0625012519
104.0394039666
104.0717074375
104.0712100234
104.0713321453
104.0713488801
104.0713503530
104.0713504512
104.0713504560
104.0713504567
104.0713504558
104.0713504570
104.0713504561
104.0713504560
104.0713504572
104.0713504559
104.0713504561
104.0713504560
104.0713504560
104.0713504572
104.0713504558
104.0713504564
104.0713504565
104.0713504560
104.0713504572
104.0713504569
104.0713504559
104.0713504561
104.0713504558
104.0713504558
104.0713504566
104.0713504571
104.0713504557
104.0713504558
104.0713504568
104.0713504559
104.0713504558
104.0713504572
104.0713504559
104.0713504561
104.0713504558
104.0713504572
104.0713504559
104.0713504558
104.0713504572
104.0713504562
104.0713504558
104.0713504566
