151.0874400538
111.8169302711
105.1112657346
103.9268362139
104.0390624865
104.0592429323
104.0664082056
104.0675595344
104.0677096574
104.0677290535
104.0677316231
104.0677319689
104.0677320134
104.0677320211
104.0677320207
104.0677320234
104.0677320239
104.0677320234
104.0677320211
104.0677320257
104.0677320252
104.0677320211
104.0677320208
104.0677320237
104.0677320211
104.0677320232
104.0677320209
104.0677320221
104.0677320221
104.0677320266
104.0677320228
104.0677320235
104.0677320223
104.0677320208
104.0677320238
104.0677320242
104.0677320269
104.0677320249
104.0677320244
104.0677320235
104.0677320263
104.0677320213
104.0677320227
104.0677320209
104.0677320227
104.0677320208
104.0677320238
104.0677320226
104.0677320237
104.0677320210
104.0677320208
