331.5139576534
110.6674699834
105.7898181199
105.7173025071
105.8080856024
105.7813091239
105.7364535808
105.8391883095
105.8322921007
105.9657595536
106.0056632530
106.0078073182
106.0094491627
106.0457476295
106.0497231747
106.0789894343
106.0410103541
106.0094367433
106.0137374193
106.0606251293
105.9447827121
106.0449725971
106.0274515922
106.0364411222
105.9881394281
105.9333976450
105.8565313779
106.0141988429
105.9525841142
105.9159382418
105.8365645640
105.9570351545
105.8667792033
105.9141134847
105.8414039791
105.9486821982
105.8867120980
105.8562863685
106.0182161714
105.9526295908
105.9160066452
105.8371482599
105.9573151686
105.8900197337
105.8575482796
106.0214599163
105.9525268799
105.9164721158
105.8366325839
105.9570497622
105.8667820816
