331.5139576534
110.8175970810
104.3785750462
104.0036509895
104.0315017210
104.0532889331
104.0577613144
104.0581049413
104.0581460196
104.0581538446
104.0581556441
104.0581560754
104.0581561803
104.0581562075
104.0581562100
104.0581562109
104.0581562112
104.0581562132
104.0581562114
104.0581562112
104.0581562112
104.0581562151
104.0581562165
104.0581562158
104.0581562120
104.0581562134
104.0581562135
104.0581562115
104.0581562152
104.0581562126
104.0581562143
104.0581562127
104.0581562114
104.0581562152
104.0581562155
104.0581562176
104.0581562121
104.0581562114
104.0581562113
104.0581562112
104.0581562151
104.0581562118
104.0581562114
104.0581562132
104.0581562114
104.0581562112
104.0581562127
104.0581562133
104.0581562134
104.0581562151
104.0581562118
