331.5139576534
110.7639942291
104.4477625819
104.0324251177
104.0555870830
104.0742083304
104.0687775456
104.0681417546
104.0680605699
104.0680492923
104.0680475947
104.0680473248
104.0680472801
104.0680472740
104.0680472709
104.0680472706
104.0680472733
104.0680472707
104.0680472714
104.0680472708
104.0680472712
104.0680472714
104.0680472705
104.0680472705
104.0680472724
104.0680472707
104.0680472723
104.0680472725
104.0680472713
104.0680472706
104.0680472724
104.0680472716
104.0680472720
104.0680472706
104.0680472710
104.0680472705
104.0680472724
104.0680472707
104.0680472705
104.0680472705
104.0680472712
104.0680472705
104.0680472715
104.0680472725
104.0680472707
104.0680472715
104.0680472715
104.0680472705
104.0680472705
104.0680472705
104.0680472705
