331.5139576534
110.7901597127
104.4329421621
104.0153621016
104.0269383963
104.0742956938
104.0760114743
104.0695288562
104.0687858716
104.0687259539
104.0687142769
104.0687122397
104.0687119069
104.0687118522
104.0687118434
104.0687118445
104.0687118419
104.0687118417
104.0687118439
104.0687118421
104.0687118443
104.0687118457
104.0687118468
104.0687118429
104.0687118418
104.0687118464
104.0687118423
104.0687118440
104.0687118421
104.0687118444
104.0687118425
104.0687118442
104.0687118446
104.0687118443
104.0687118450
104.0687118448
104.0687118420
104.0687118439
104.0687118444
104.0687118435
104.0687118445
104.0687118419
104.0687118439
104.0687118421
104.0687118426
104.0687118418
104.0687118437
104.0687118440
104.0687118438
104.0687118419
104.0687118464
