331.5139576534
110.7288332024
104.4476009358
104.0316485147
104.0514778609
104.0628069950
104.0639319619
104.0639325999
104.0639326005
104.0639326005
104.0639326005
104.0639326015
104.0639326001
104.0639326001
104.0639326003
104.0639326005
104.0639326009
104.0639326001
104.0639326008
104.0639326005
104.0639326005
104.0639326005
104.0639326008
104.0639326004
104.0639326011
104.0639326002
104.0639326011
104.0639326008
104.0639326003
104.0639326001
104.0639326012
104.0639326011
104.0639326001
104.0639326002
104.0639326003
104.0639326001
104.0639326003
104.0639326011
104.0639326005
104.0639326001
104.0639326011
104.0639326001
104.0639326008
104.0639326001
104.0639326001
104.0639326008
104.0639326001
104.0639326001
104.0639326011
104.0639326001
104.0639326011
