331.5139576534
110.6272154157
104.3875321206
103.7857725029
103.8102897533
103.8219278674
103.8635690075
103.8744224193
103.9351214063
103.9592414855
103.9584434430
103.8768582978
103.9549707167
103.9607567816
103.8774263150
103.9563617127
103.9621012788
103.8766296438
103.9550461119
103.9607930386
103.9586928392
103.8769259746
103.9549838859
103.9607595482
103.8774272650
103.9563620116
103.9621013751
103.8766296814
103.9550461369
103.9607930411
103.9586928385
103.8769259748
103.9549838848
103.9607595483
103.8774272656
103.9563620119
103.9621013752
103.8766296829
103.9550461249
103.9607930386
103.9586928376
103.8769259826
103.9549838817
103.9607595494
103.8774272659
103.9563620150
103.9621013749
103.8766297042
103.9550461233
103.9607930425
103.9586928399
