331.5139576534
110.7201771092
104.4954146178
104.0447942633
104.0356457535
104.0643485861
104.0638503493
104.0638506115
104.0638506117
104.0638506117
104.0638506121
104.0638506125
104.0638506119
104.0638506117
104.0638506117
104.0638506120
104.0638506125
104.0638506119
104.0638506117
104.0638506128
104.0638506124
104.0638506125
104.0638506117
104.0638506117
104.0638506125
104.0638506120
104.0638506125
104.0638506117
104.0638506128
104.0638506124
104.0638506119
104.0638506117
104.0638506127
104.0638506117
104.0638506126
104.0638506118
104.0638506119
104.0638506117
104.0638506125
104.0638506119
104.0638506117
104.0638506117
104.0638506117
104.0638506117
104.0638506117
104.0638506125
104.0638506120
104.0638506127
104.0638506125
104.0638506117
104.0638506126
