151.0874400538
111.8169301890
105.1112657064
103.9268361690
104.0390624441
104.0592429183
104.0664081995
104.0675595312
104.0677096572
104.0677290548
104.0677316220
104.0677319678
104.0677320134
104.0677320211
104.0677320207
104.0677320254
104.0677320242
104.0677320255
104.0677320267
104.0677320227
104.0677320209
104.0677320239
104.0677320236
104.0677320219
104.0677320236
104.0677320239
104.0677320212
104.0677320208
104.0677320234
104.0677320211
104.0677320238
104.0677320211
104.0677320265
104.0677320228
104.0677320210
104.0677320265
104.0677320240
104.0677320237
104.0677320236
104.0677320269
104.0677320243
104.0677320242
104.0677320221
104.0677320265
104.0677320213
104.0677320208
104.0677320214
104.0677320235
104.0677320209
104.0677320238
104.0677320211
