331.5139576534
110.3607354505
104.3324048951
103.6231121790
103.6411673888
103.6891808549
103.7029110558
103.6866779191
103.7025012357
103.6866448028
103.7023905612
103.6866177534
103.7023766565
103.6866139983
103.7023746746
103.6866134377
103.7023743745
103.6866133489
103.7023743264
103.6866133335
103.7023743317
103.6866133322
103.7023743174
103.6866133313
103.7023743168
103.6866133308
103.7023743168
103.6866133308
103.7023743155
103.6866133302
103.7023743298
103.6866133325
103.7023743171
103.6866133306
103.7023743168
103.6866133312
103.7023743168
103.6866133314
103.7023743168
103.6866133314
103.7023743168
103.6866133314
103.7023743234
103.6866133320
103.7023743186
103.6866133316
103.7023743201
103.6866133311
103.7023743302
103.6866133317
103.7023743152
