331.5139576534
110.7201306162
104.4954203184
104.0448665480
104.0357381369
104.0644527264
104.0639545763
104.0639548373
104.0639548380
104.0639548383
104.0639548376
104.0639548382
104.0639548379
104.0639548380
104.0639548384
104.0639548377
104.0639548387
104.0639548384
104.0639548384
104.0639548376
104.0639548384
104.0639548376
104.0639548388
104.0639548376
104.0639548376
104.0639548376
104.0639548376
104.0639548384
104.0639548377
104.0639548384
104.0639548376
104.0639548384
104.0639548384
104.0639548376
104.0639548376
104.0639548376
104.0639548376
104.0639548384
104.0639548376
104.0639548376
104.0639548376
104.0639548376
104.0639548388
104.0639548380
104.0639548384
104.0639548376
104.0639548385
104.0639548380
104.0639548378
104.0639548376
104.0639548376
