331.5139576534
110.7299018961
104.4496274656
104.0367923108
104.0556488639
104.0649055120
104.0660454418
104.0660460908
104.0660460918
104.0660460923
104.0660460912
104.0660460914
104.0660460912
104.0660460923
104.0660460912
104.0660460912
104.0660460916
104.0660460916
104.0660460915
104.0660460921
104.0660460927
104.0660460917
104.0660460923
104.0660460920
104.0660460924
104.0660460919
104.0660460912
104.0660460923
104.0660460927
104.0660460922
104.0660460912
104.0660460918
104.0660460925
104.0660460917
104.0660460912
104.0660460912
104.0660460912
104.0660460916
104.0660460912
104.0660460923
104.0660460926
104.0660460925
104.0660460912
104.0660460912
104.0660460912
104.0660460912
104.0660460912
104.0660460923
104.0660460925
104.0660460923
104.0660460925
