151.0874400538
111.8169302723
105.1112657333
103.9268361835
104.0390625007
104.0592429026
104.0664082024
104.0675595270
104.0677096585
104.0677290562
104.0677316194
104.0677319690
104.0677320154
104.0677320218
104.0677320239
104.0677320211
104.0677320234
104.0677320246
104.0677320237
104.0677320211
104.0677320238
104.0677320215
104.0677320234
104.0677320209
104.0677320212
104.0677320207
104.0677320207
104.0677320207
104.0677320220
104.0677320208
104.0677320207
104.0677320237
104.0677320242
104.0677320212
104.0677320208
104.0677320234
104.0677320235
104.0677320233
104.0677320241
104.0677320212
104.0677320238
104.0677320211
104.0677320232
104.0677320235
104.0677320209
104.0677320208
104.0677320245
104.0677320225
104.0677320235
104.0677320209
104.0677320230
