331.5139576534
111.5284659726
107.1308683766
107.2359989157
107.6818465035
108.4821865927
108.5040490510
108.4658186643
108.4131304655
108.4383851092
108.5820419518
108.4242711348
108.4206343952
108.4190505465
108.4043411383
108.4249618555
108.5789582001
108.4207680787
108.4169157098
108.4098683485
108.4255994356
108.5787289159
108.4207766840
108.4133884977
108.4224648565
108.4137865696
108.4035489699
108.4239027842
108.5789650035
108.4197671095
108.4169251097
108.4098685786
108.4255994234
108.5787289153
108.4207766127
108.4133884973
108.4224646945
108.4137866171
108.4035487147
108.4239027876
108.5789651605
108.4197671107
108.4169251097
108.4098685788
108.4255994240
108.5787285734
108.4207765389
108.4133887287
108.4224648572
108.4137867638
108.4035487165
