331.5139576534
110.7345405898
104.4559670125
104.0392143056
104.0608838876
104.0722610766
104.0728437004
104.0728774654
104.0728854608
104.0728867241
104.0728868749
104.0728868845
104.0728868856
104.0728868841
104.0728868838
104.0728868847
104.0728868839
104.0728868839
104.0728868839
104.0728868839
104.0728868844
104.0728868845
104.0728868840
104.0728868837
104.0728868841
104.0728868842
104.0728868842
104.0728868842
104.0728868842
104.0728868840
104.0728868836
104.0728868849
104.0728868840
104.0728868842
104.0728868842
104.0728868838
104.0728868841
104.0728868842
104.0728868853
104.0728868837
104.0728868841
104.0728868846
104.0728868841
104.0728868840
104.0728868842
104.0728868853
104.0728868840
104.0728868842
104.0728868842
104.0728868841
104.0728868853
