331.5139576534
111.0999462668
106.4903300651
106.7230606364
106.8418634738
107.0152040960
107.4195136012
107.5402113463
107.3661254758
107.4617453711
107.4591900528
107.5396486671
107.4547751111
107.4838782762
107.4706899116
107.5414763764
107.4458490684
107.4813804234
107.5607842773
107.3775074270
107.4726866562
107.4583136797
107.5405258583
107.4551460522
107.4839017815
107.4706916408
107.5414765303
107.4458494429
107.4813804240
107.5607843731
107.3775074277
107.4726865980
107.4583135964
107.5405258707
107.4551460523
107.4839017838
107.4706916408
107.5414765303
107.4458490726
107.4813804145
107.5607842093
107.3775074226
107.4726866557
107.4583136183
107.5405258611
107.4551463208
107.4839017875
107.4706916402
107.5414765311
107.4458490731
107.4813804201
