331.5139576534
110.7998044886
104.3906562685
103.9686742962
103.9773108920
104.0169080778
104.0108852840
104.0054928484
104.0050724741
104.0050232281
104.0050150306
104.0050131515
104.0050126366
104.0050124874
104.0050124417
104.0050124281
104.0050124273
104.0050124238
104.0050124227
104.0050124236
104.0050124257
104.0050124246
104.0050124228
104.0050124229
104.0050124224
104.0050124223
104.0050124223
104.0050124228
104.0050124250
104.0050124233
104.0050124243
104.0050124237
104.0050124236
104.0050124224
104.0050124234
104.0050124234
104.0050124230
104.0050124224
104.0050124229
104.0050124227
104.0050124223
104.0050124243
104.0050124226
104.0050124224
104.0050124233
104.0050124236
104.0050124224
104.0050124223
104.0050124222
104.0050124226
104.0050124243
