151.0874400538
132.6103124513
131.4564169622
132.4242318511
133.8116132599
136.2491896877
137.6439301912
137.8466553350
138.2248647742
138.2129854704
138.3553800888
138.1547508196
138.4402466125
138.3006259063
138.1867757108
138.2430641800
138.2916206885
138.2114101967
138.3241481231
138.0857190890
138.3865725499
138.1882375188
138.2603033356
138.1046168029
138.3193397649
138.0931864313
138.3870584044
138.1888347405
138.2603036191
138.1046165485
138.3193397378
138.0931831888
138.3870583973
138.1888347036
138.2603036192
138.1046163893
138.3193397649
138.0931831735
138.3870584092
138.1888297770
138.2603036164
138.1046160560
138.3193397378
138.0931865204
138.3870584037
138.1888347982
138.2603036192
138.1046171108
138.3193397649
138.0931831921
138.3870583974
