151.0874400538
130.5297149285
128.3585743317
127.5374114606
127.5333001754
127.4033248309
127.3513047059
127.3765539890
127.3815859264
127.3881896470
127.3881896782
127.3881896220
127.3881896782
127.3881896781
127.3881896550
127.3881896782
127.3881896781
127.3881896782
127.3881896220
127.3881896781
127.3881896435
127.3881897481
127.3881896220
127.3881896548
127.3881896475
127.3881896781
127.3881920881
127.3881913575
127.3881896322
127.3881896221
127.3881899254
127.3881914588
127.3881918018
127.3881896350
127.3881896220
127.3881896782
127.3881896781
127.3881896229
127.3881896781
127.3881896629
127.3881897885
127.3881896781
127.3881896781
127.3881919589
127.3881896039
127.3881896781
127.3881916021
127.3881896344
127.3881896510
127.3881896220
127.3881900216
