151.0874400538
133.7926704248
132.0934458809
132.1689476170
133.1033910476
133.6112337390
135.5177965173
135.1518216062
135.9993919478
136.4697975108
136.9433701108
137.8331986391
138.6278053619
139.4482286536
139.1835002299
139.2777803706
139.4370938429
138.9832875163
139.4813953122
139.1029550586
139.6940051764
139.8091160990
139.0376453391
139.5877046654
139.7378967998
138.6877876268
139.5782448969
139.3424319627
139.8386129836
139.3424460107
139.7915819360
139.8807352101
139.0349310064
139.5870234834
139.7378971921
138.6877873180
139.5782448975
139.3424317187
139.8386129839
139.3424459645
139.7915819361
139.8807351095
139.0349310065
139.5870237640
139.7378971920
138.6877873599
139.5782449895
139.3424319627
139.8386129883
139.3424460106
139.7915819341
