151.0874400538
131.2364933432
129.6551168106
129.2796915125
129.2870871682
129.1449539186
129.4142421153
129.1797936651
129.2491766439
129.5720630522
129.4627632506
129.5339692607
129.5631073049
129.5518656832
129.5499327579
129.5516038669
129.5501871457
129.5517056880
129.5502544844
129.5517056829
129.5502545002
129.5517056888
129.5502545000
129.5517056888
129.5502549848
129.5517056894
129.5502545003
129.5517056888
129.5502544887
129.5517056888
129.5502545002
129.5517056888
129.5502547776
129.5517056893
129.5502545003
129.5517056888
129.5502545003
129.5517056845
129.5502545000
129.5517056838
129.5502545002
129.5517056888
129.5502545115
129.5517056888
129.5502544000
129.5517056828
129.5502545250
129.5517056888
129.5502545002
129.5517056888
129.5502554328
