151.0874400538
131.4471243370
126.3244360217
124.4717068500
123.5686493279
123.5015722707
123.2893708538
122.9751110192
122.7195579291
122.5619877224
122.2073731690
122.2356769420
121.9098937303
121.6497272170
121.3850865278
121.4091725240
121.7947395853
122.0194259586
122.0149500317
122.0137738157
122.0137598229
122.0137598229
122.0137598229
122.0137598229
122.0137598229
122.0137598229
122.0137598229
122.0137598229
122.0137598229
122.0137598229
122.0137598229
122.0137598229
122.0137598229
122.0137598229
122.0137598229
122.0137598229
122.0137598229
122.0137598229
122.0137598229
122.0137598229
122.0137598229
