151.0874400538
130.6149796251
126.6614504014
125.3798580418
123.9139093520
122.8985526889
121.9184534649
120.5537562040
119.3111786426
117.9672999224
116.4401905931
114.9704901709
113.9612454708
112.4312310944
111.2879452749
110.4939576343
109.6226070783
108.5719739817
107.6380320473
107.1407631186
106.8163530239
106.6851495362
107.0344577062
107.8471946727
108.0318868985
108.6128001750
109.9094748463
110.4649962893
110.6447009431
110.7327727618
111.6003878845
111.3787125529
112.3302238287
113.0614567422
113.3121349213
113.5442528849
113.6418463778
113.6641425902
113.5995680987
113.6162346586
113.4851563939
113.5648706930
113.6403781773
113.6069543727
113.9542694302
113.9931693203
114.1493135001
114.1721143231
114.2207937684
114.1925267050
114.1726610572
